Time
0.000000e+00
5.000000e+00
1.000000e+01
1.500000e+01
2.000000e+01
2.500000e+01
3.000000e+01
3.500000e+01
4.000000e+01
4.500000e+01
5.000000e+01
5.500000e+01
6.000000e+01
6.500000e+01
7.000000e+01
7.500000e+01
8.000000e+01
8.500000e+01
9.000000e+01
9.500000e+01
1.000000e+02
1.050000e+02
1.100000e+02
1.150000e+02
1.200000e+02
1.250000e+02
1.300000e+02
1.350000e+02
1.400000e+02
1.450000e+02
1.500000e+02
1.550000e+02
1.600000e+02
1.650000e+02
1.700000e+02
1.750000e+02
1.800000e+02
1.850000e+02
1.900000e+02
1.950000e+02
2.000000e+02
2.050000e+02
2.100000e+02
2.150000e+02
2.200000e+02
2.250000e+02
2.300000e+02
2.350000e+02
2.400000e+02
2.450000e+02
2.500000e+02
2.550000e+02
2.600000e+02
2.650000e+02
2.700000e+02
2.750000e+02
2.800000e+02
2.850000e+02
2.900000e+02
2.950000e+02
3.000000e+02
3.050000e+02
3.100000e+02
3.150000e+02
3.200000e+02
3.250000e+02
3.300000e+02
3.350000e+02
3.400000e+02
3.450000e+02
3.500000e+02
3.550000e+02
3.600000e+02
3.645000e+02
