Time 0-WAE-0 0-WAE-1 0-WAE-2 0-WAE-3 0-WAE-4 0-WAE-5 0-WAE-6 0-WAE-7 0-YPH-0 0-YPH-1 0-YPH-2 0-YPH-3 0-YPH-4 0-YPH-5 0-YPH-6 0-GZS-0 0-GZS-1 0-GZS-2 0-GZS-3 0-GZS-4 0-RDG-0 0-RDG-1 0-RDG-2 0-RDG-3 0-RDG-4 0-DRE-0 0-CHI-0 0-DIA-0 0-GRN-0 0-CAL-0 0-ROT-0 0-PB-0 0-BB-0 0-DL-0 0-DR-0 0-DC-0
0.000000e+00 2.667257e+02 3.653450e+02 3.687987e+02 2.961574e+02 2.349015e+02 1.794601e+02 1.344540e+02 9.453505e+01 3.008653e+02 4.426823e+02 4.417328e+02 3.762440e+02 3.038917e+02 2.332620e+02 1.818416e+02 3.273206e+02 1.631935e+03 1.653803e+03 1.404219e+03 1.032288e+03 5.392889e+00 1.459414e+01 7.140838e+00 4.982212e+00 2.173184e+00 0.000000e+00 0.000000e+00 0.000000e+00 0.000000e+00 0.000000e+00 0.000000e+00 0.000000e+00 0.000000e+00 0.000000e+00 0.000000e+00 0.000000e+00
5.000000e+00 2.744188e+02 3.707516e+02 3.703692e+02 2.972629e+02 2.357607e+02 1.800261e+02 1.347034e+02 9.470946e+01 3.099633e+02 4.465313e+02 4.453718e+02 3.786530e+02 3.053449e+02 2.344786e+02 1.822031e+02 3.753215e+02 1.652559e+03 1.666247e+03 1.408972e+03 1.034641e+03 5.611229e+00 1.524533e+01 7.189794e+00 4.973967e+00 2.170895e+00 0.000000e+00 0.000000e+00 0.000000e+00 0.000000e+00 0.000000e+00 0.000000e+00 0.000000e+00 0.000000e+00 0.000000e+00 0.000000e+00 0.000000e+00
1.000000e+01 2.823517e+02 3.762456e+02 3.719713e+02 2.983906e+02 2.366286e+02 1.805975e+02 1.349545e+02 9.488500e+01 3.193735e+02 4.504330e+02 4.490464e+02 3.810816e+02 3.068074e+02 2.357041e+02 1.825657e+02 4.310316e+02 1.671179e+03 1.677670e+03 1.413509e+03 1.036914e+03 5.838520e+00 1.592553e+01 7.203925e+00 4.960719e+00 2.165660e+00 0.000000e+00 0.000000e+00 0.000000e+00 0.000000e+00 0.000000e+00 0.000000e+00 0.000000e+00 0.000000e+00 0.000000e+00 0.000000e+00 0.000000e+00
1.500000e+01 2.905198e+02 3.818316e+02 3.736068e+02 2.995417e+02 2.375054e+02 1.811746e+02 1.352073e+02 9.506057e+01 3.290948e+02 4.544022e+02 4.527512e+02 3.835258e+02 3.082769e+02 2.369360e+02 1.829290e+02 4.950370e+02 1.690023e+03 1.689168e+03 1.418059e+03 1.039193e+03 6.075388e+00 1.663697e+01 7.215824e+00 4.946809e+00 2.160090e+00 0.000000e+00 0.000000e+00 0.000000e+00 0.000000e+00 0.000000e+00 0.000000e+00 0.000000e+00 0.000000e+00 0.000000e+00 0.000000e+00 0.000000e+00
2.000000e+01 2.989308e+02 3.875052e+02 3.752773e+02 3.007174e+02 2.383914e+02 1.817576e+02 1.354618e+02 9.523690e+01 3.391398e+02 4.584434e+02 4.564864e+02 3.859855e+02 3.097533e+02 2.381743e+02 1.832929e+02 5.685725e+02 1.709103e+03 1.700741e+03 1.422624e+03 1.041476e+03 6.322353e+00 1.738148e+01 7.228389e+00 4.933390e+00 2.154732e+00 0.000000e+00 0.000000e+00 0.000000e+00 0.000000e+00 0.000000e+00 0.000000e+00 0.000000e+00 0.000000e+00 0.000000e+00 0.000000e+00 0.000000e+00
2.500000e+01 3.075807e+02 3.932631e+02 3.769845e+02 3.019191e+02 2.392445e+02 1.823468e+02 1.357182e+02 9.541455e+01 3.494989e+02 4.625296e+02 4.602523e+02 3.884609e+02 3.112368e+02 2.394189e+02 1.836577e+02 6.531944e+02 1.728617e+03 1.712391e+03 1.427202e+03 1.043764e+03 6.579464e+00 1.815956e+01 7.241264e+00 4.920203e+00 2.149473e+00 0.000000e+00 0.000000e+00 0.000000e+00 0.000000e+00 0.000000e+00 0.000000e+00 0.000000e+00 0.000000e+00 0.000000e+00 0.000000e+00 0.000000e+00
3.000000e+01 3.164651e+02 3.991067e+02 3.787298e+02 3.031480e+02 2.400124e+02 1.829425e+02 1.359764e+02 9.559358e+01 3.601563e+02 4.666280e+02 4.640491e+02 3.909520e+02 3.127272e+02 2.406700e+02 1.840231e+02 7.504365e+02 1.748829e+03 1.724119e+03 1.431795e+03 1.046057e+03 6.846650e+00 1.897135e+01 7.253928e+00 4.906891e+00 2.144156e+00 0.000000e+00 0.000000e+00 0.000000e+00 0.000000e+00 0.000000e+00 0.000000e+00 0.000000e+00 0.000000e+00 0.000000e+00 0.000000e+00 0.000000e+00
3.500000e+01 3.256164e+02 4.050374e+02 3.805149e+02 3.044055e+02 2.407976e+02 1.835449e+02 1.362366e+02 9.577403e+01 3.711795e+02 4.708138e+02 4.678770e+02 3.934590e+02 3.142248e+02 2.419276e+02 1.843892e+02 8.622230e+02 1.769291e+03 1.735924e+03 1.436402e+03 1.048354e+03 7.125429e+00 1.982143e+01 7.267534e+00 4.894235e+00 2.139124e+00 0.000000e+00 0.000000e+00 0.000000e+00 0.000000e+00 0.000000e+00 0.000000e+00 0.000000e+00 0.000000e+00 0.000000e+00 0.000000e+00 0.000000e+00
4.000000e+01 3.351000e+02 4.110564e+02 3.823411e+02 3.056813e+02 2.416009e+02 1.841543e+02 1.364988e+02 9.595596e+01 3.825773e+02 4.750826e+02 4.717363e+02 3.959819e+02 3.157294e+02 2.431916e+02 1.847561e+02 9.907248e+02 1.790008e+03 1.747806e+03 1.441023e+03 1.050657e+03 7.416238e+00 2.071150e+01 7.282002e+00 4.882171e+00 2.134348e+00 0.000000e+00 0.000000e+00 0.000000e+00 0.000000e+00 0.000000e+00 0.000000e+00 0.000000e+00 0.000000e+00 0.000000e+00 0.000000e+00 0.000000e+00
4.500000e+01 3.449545e+02 4.171651e+02 3.842095e+02 3.069720e+02 2.424230e+02 1.847710e+02 1.367631e+02 9.613941e+01 3.943625e+02 4.794346e+02 4.756273e+02 3.985208e+02 3.172412e+02 2.444622e+02 1.851236e+02 1.138446e+03 1.810984e+03 1.759767e+03 1.445659e+03 1.052964e+03 7.719602e+00 2.164339e+01 7.297326e+00 4.870688e+00 2.129824e+00 0.000000e+00 0.000000e+00 0.000000e+00 0.000000e+00 0.000000e+00 0.000000e+00 0.000000e+00 0.000000e+00 0.000000e+00 0.000000e+00 0.000000e+00
5.000000e+01 3.551049e+02 4.233635e+02 3.861213e+02 3.082963e+02 2.432645e+02 1.853953e+02 1.370296e+02 9.632445e+01 4.065613e+02 4.838857e+02 4.795501e+02 4.010759e+02 3.187601e+02 2.457392e+02 1.854919e+02 1.308409e+03 1.832224e+03 1.771806e+03 1.450308e+03 1.055276e+03 8.036321e+00 2.261980e+01 7.313745e+00 4.859936e+00 2.125618e+00 0.000000e+00 0.000000e+00 0.000000e+00 0.000000e+00 0.000000e+00 0.000000e+00 0.000000e+00 0.000000e+00 0.000000e+00 0.000000e+00 0.000000e+00
5.500000e+01 3.655605e+02 4.296510e+02 3.880772e+02 3.096553e+02 2.441260e+02 1.860274e+02 1.372983e+02 9.651111e+01 4.191894e+02 4.884377e+02 4.835050e+02 4.036472e+02 3.202862e+02 2.470229e+02 1.858609e+02 1.504159e+03 1.853730e+03 1.783924e+03 1.454972e+03 1.057593e+03 8.367016e+00 2.364293e+01 7.331296e+00 4.849931e+00 2.121736e+00 0.000000e+00 0.000000e+00 0.000000e+00 0.000000e+00 0.000000e+00 0.000000e+00 0.000000e+00 0.000000e+00 0.000000e+00 0.000000e+00 0.000000e+00
6.000000e+01 3.763309e+02 4.360316e+02 3.900780e+02 3.110498e+02 2.450079e+02 1.866677e+02 1.375692e+02 9.669944e+01 4.322670e+02 4.930957e+02 4.874923e+02 4.062347e+02 3.218195e+02 2.483132e+02 1.862307e+02 1.729349e+03 1.875508e+03 1.796121e+03 1.459649e+03 1.059914e+03 8.712393e+00 2.471528e+01 7.350010e+00 4.840682e+00 2.118183e+00 0.000000e+00 0.000000e+00 0.000000e+00 0.000000e+00 0.000000e+00 0.000000e+00 0.000000e+00 0.000000e+00 0.000000e+00 0.000000e+00 0.000000e+00
6.500000e+01 3.874256e+02 4.425066e+02 3.917599e+02 3.124804e+02 2.459107e+02 1.873164e+02 1.378425e+02 9.688948e+01 4.454630e+02 4.974734e+02 4.915123e+02 4.088387e+02 3.233600e+02 2.496100e+02 1.866011e+02 1.990038e+03 1.897560e+03 1.808396e+03 1.464341e+03 1.062240e+03 9.066057e+00 2.581921e+01 7.364151e+00 4.828417e+00 2.113308e+00 0.000000e+00 0.000000e+00 0.000000e+00 0.000000e+00 0.000000e+00 0.000000e+00 0.000000e+00 0.000000e+00 0.000000e+00 0.000000e+00 0.000000e+00
7.000000e+01 3.988550e+02 4.490775e+02 3.933695e+02 3.138298e+02 2.468345e+02 1.879738e+02 1.381181e+02 9.708127e+01 4.589250e+02 5.017389e+02 4.955650e+02 4.114591e+02 3.249078e+02 2.509136e+02 1.869723e+02 2.290971e+03 1.919892e+03 1.820751e+03 1.469047e+03 1.064571e+03 9.431185e+00 2.696406e+01 7.376299e+00 4.814860e+00 2.107866e+00 0.000000e+00 0.000000e+00 0.000000e+00 0.000000e+00 0.000000e+00 0.000000e+00 0.000000e+00 0.000000e+00 0.000000e+00 0.000000e+00 0.000000e+00
7.500000e+01 4.106292e+02 4.557456e+02 3.949947e+02 3.149240e+02 2.477795e+02 1.886400e+02 1.383962e+02 9.727482e+01 4.726158e+02 5.058490e+02 4.996509e+02 4.140960e+02 3.264628e+02 2.522238e+02 1.873442e+02 2.638528e+03 1.942505e+03 1.833184e+03 1.473767e+03 1.066907e+03 9.807234e+00 2.814867e+01 7.385873e+00 4.799650e+00 2.101697e+00 0.000000e+00 0.000000e+00 0.000000e+00 0.000000e+00 0.000000e+00 0.000000e+00 0.000000e+00 0.000000e+00 0.000000e+00 0.000000e+00 0.000000e+00
8.000000e+01 4.228005e+02 4.625122e+02 3.966356e+02 3.160286e+02 2.484718e+02 1.893153e+02 1.386767e+02 9.747018e+01 4.865327e+02 5.098000e+02 5.037701e+02 4.167496e+02 3.280252e+02 2.535406e+02 1.877168e+02 3.039705e+03 1.965405e+03 1.845697e+03 1.478501e+03 1.069247e+03 1.019435e+01 2.937385e+01 7.392888e+00 4.782818e+00 2.094815e+00 0.000000e+00 0.000000e+00 0.000000e+00 0.000000e+00 0.000000e+00 0.000000e+00 0.000000e+00 0.000000e+00 0.000000e+00 0.000000e+00 0.000000e+00
8.500000e+01 4.353472e+02 4.693789e+02 3.982923e+02 3.171437e+02 2.491621e+02 1.899405e+02 1.389596e+02 9.766733e+01 5.008176e+02 5.137373e+02 5.079228e+02 4.194199e+02 3.295948e+02 2.548642e+02 1.880902e+02 3.502038e+03 1.988424e+03 1.858289e+03 1.483248e+03 1.071592e+03 1.059575e+01 3.064929e+01 7.399504e+00 4.765778e+00 2.087839e+00 0.000000e+00 0.000000e+00 0.000000e+00 0.000000e+00 0.000000e+00 0.000000e+00 0.000000e+00 0.000000e+00 0.000000e+00 0.000000e+00 0.000000e+00
9.000000e+01 4.482472e+02 4.763470e+02 3.999649e+02 3.182694e+02 2.498585e+02 1.905554e+02 1.392223e+02 9.785939e+01 5.154790e+02 5.176599e+02 5.121093e+02 4.221070e+02 3.311718e+02 2.561945e+02 1.884642e+02 4.034742e+03 2.011536e+03 1.870959e+03 1.488010e+03 1.073942e+03 1.101191e+01 3.197689e+01 7.405734e+00 4.748540e+00 2.080773e+00 0.000000e+00 0.000000e+00 0.000000e+00 0.000000e+00 0.000000e+00 0.000000e+00 0.000000e+00 0.000000e+00 0.000000e+00 0.000000e+00 0.000000e+00
9.500000e+01 4.615310e+02 4.834179e+02 3.829228e+02 2.937496e+02 2.266462e+02 1.727987e+02 1.260193e+02 8.855116e+01 5.306707e+02 5.217090e+02 5.163298e+02 4.248109e+02 3.327562e+02 2.575315e+02 1.888390e+02 4.648060e+03 2.034924e+03 1.883707e+03 1.492785e+03 1.076296e+03 1.144642e+01 3.336761e+01 7.413610e+00 4.732404e+00 2.074186e+00 0.000000e+00 0.000000e+00 0.000000e+00 0.000000e+00 0.000000e+00 0.000000e+00 0.000000e+00 0.000000e+00 0.000000e+00 0.000000e+00 0.000000e+00
1.000000e+02 4.752110e+02 4.905931e+02 3.845484e+02 2.948049e+02 2.272874e+02 1.733615e+02 1.262586e+02 8.871694e+01 5.463584e+02 5.258336e+02 5.205845e+02 4.275318e+02 3.343478e+02 2.588752e+02 1.892145e+02 5.353920e+03 2.058598e+03 1.896534e+03 1.497573e+03 1.078655e+03 1.189896e+01 3.482109e+01 7.422404e+00 4.716891e+00 2.067870e+00 0.000000e+00 0.000000e+00 0.000000e+00 0.000000e+00 0.000000e+00 0.000000e+00 0.000000e+00 0.000000e+00 0.000000e+00 0.000000e+00 0.000000e+00
1.050000e+02 4.892955e+02 4.978739e+02 3.861899e+02 2.958704e+02 2.279343e+02 1.739278e+02 1.264989e+02 8.888340e+01 5.625078e+02 5.299861e+02 4.829953e+02 3.893313e+02 3.037079e+02 2.350847e+02 1.712030e+02 6.166085e+03 2.082532e+03 1.909437e+03 1.502375e+03 1.081018e+03 1.236914e+01 3.633684e+01 7.431456e+00 4.701574e+00 2.061637e+00 0.000000e+00 0.000000e+00 0.000000e+00 0.000000e+00 0.000000e+00 0.000000e+00 0.000000e+00 0.000000e+00 0.000000e+00 0.000000e+00 0.000000e+00
1.100000e+02 3.054388e+03 4.972616e+02 5.007332e+02 3.877719e+02 2.968336e+02 2.285664e+02 1.742860e+02 1.267417e+02 4.275000e-19 5.780085e+02 5.342386e+02 4.868853e+02 3.917609e+02 3.051733e+02 2.362348e+02 7.100300e+03 2.107066e+03 1.922416e+03 1.507189e+03 1.083385e+03 1.283914e+01 3.792428e+01 7.437790e+00 4.684571e+00 2.054662e+00 0.000000e+00 0.000000e+00 0.000000e+00 0.000000e+00 0.000000e+00 0.000000e+00 0.000000e+00 0.000000e+00 0.000000e+00 0.000000e+00 0.000000e+00
1.150000e+02 6.970274e+03 5.046202e+02 5.034024e+02 3.895924e+02 2.979351e+02 2.292980e+02 1.746160e+02 1.269940e+02 1.344108e+02 5.834684e+02 5.386386e+02 4.900019e+02 3.936337e+02 3.067645e+02 2.367044e+02 8.174490e+03 2.132184e+03 1.935470e+03 1.512016e+03 1.085756e+03 1.327729e+01 3.963405e+01 7.454075e+00 4.673843e+00 2.050437e+00 0.000000e+00 0.000000e+00 0.000000e+00 0.000000e+00 0.000000e+00 0.000000e+00 0.000000e+00 0.000000e+00 0.000000e+00 0.000000e+00 0.000000e+00
1.200000e+02 1.100111e+04 5.120912e+02 5.062816e+02 3.915913e+02 2.991457e+02 2.301036e+02 1.749655e+02 1.272546e+02 2.711705e+02 5.895529e+02 5.430738e+02 4.931376e+02 3.955151e+02 3.083635e+02 2.371749e+02 9.409001e+03 2.157625e+03 1.948595e+03 1.516855e+03 1.088132e+03 1.366976e+01 4.145989e+01 7.477969e+00 4.667834e+00 2.048282e+00 0.000000e+00 0.000000e+00 0.000000e+00 0.000000e+00 0.000000e+00 0.000000e+00 0.000000e+00 0.000000e+00 0.000000e+00 0.000000e+00 0.000000e+00
1.250000e+02 1.515106e+04 5.196741e+02 5.092742e+02 3.936884e+02 3.004158e+02 2.309497e+02 1.753264e+02 1.275205e+02 4.088733e+02 5.959894e+02 5.475442e+02 4.962923e+02 3.974048e+02 3.099701e+02 2.376462e+02 1.082692e+04 2.183345e+03 1.961789e+03 1.521705e+03 1.090511e+03 1.400160e+01 4.338920e+01 7.505922e+00 4.664268e+00 2.047200e+00 0.000000e+00 0.000000e+00 0.000000e+00 0.000000e+00 0.000000e+00 0.000000e+00 0.000000e+00 0.000000e+00 0.000000e+00 0.000000e+00 0.000000e+00
1.300000e+02 1.942393e+04 5.273697e+02 5.123426e+02 3.958508e+02 3.017249e+02 2.318220e+02 1.756945e+02 1.277901e+02 5.458970e+02 6.026659e+02 5.520498e+02 4.994659e+02 3.993029e+02 3.115844e+02 2.381184e+02 1.245440e+04 2.209331e+03 1.975047e+03 1.526566e+03 1.092893e+03 1.426123e+01 4.541905e+01 7.536502e+00 4.662220e+00 2.046786e+00 0.000000e+00 0.000000e+00 0.000000e+00 0.000000e+00 0.000000e+00 0.000000e+00 0.000000e+00 0.000000e+00 0.000000e+00 0.000000e+00 0.000000e+00
1.350000e+02 2.382344e+04 5.351787e+02 5.154684e+02 3.980618e+02 3.030626e+02 2.327134e+02 1.760677e+02 1.280627e+02 6.804556e+02 6.095255e+02 5.565906e+02 5.026584e+02 4.012092e+02 3.132062e+02 2.385913e+02 1.432092e+04 2.235570e+03 1.988365e+03 1.531436e+03 1.095278e+03 1.443844e+01 4.754981e+01 7.569004e+00 4.661227e+00 2.046837e+00 0.000000e+00 0.000000e+00 0.000000e+00 0.000000e+00 0.000000e+00 0.000000e+00 0.000000e+00 0.000000e+00 0.000000e+00 0.000000e+00 0.000000e+00
1.400000e+02 2.529669e+04 5.431016e+02 5.186352e+02 4.003061e+02 3.044191e+02 2.336172e+02 1.764440e+02 1.283371e+02 8.119194e+02 6.165143e+02 5.611666e+02 5.058694e+02 4.031236e+02 3.148354e+02 2.390651e+02 1.645970e+04 2.262048e+03 2.001738e+03 1.536314e+03 1.097666e+03 1.454811e+01 4.978161e+01 7.602780e+00 4.660869e+00 2.047169e+00 0.000000e+00 0.000000e+00 0.000000e+00 0.000000e+00 0.000000e+00 0.000000e+00 0.000000e+00 0.000000e+00 0.000000e+00 0.000000e+00 0.000000e+00
1.450000e+02 2.603791e+04 5.511389e+02 5.218264e+02 4.025677e+02 3.057847e+02 2.345265e+02 1.768217e+02 1.286126e+02 8.091267e+02 6.235743e+02 5.657776e+02 5.090990e+02 4.050460e+02 3.164718e+02 2.395397e+02 1.890810e+04 2.288749e+03 2.015160e+03 1.541199e+03 1.100056e+03 1.463427e+01 5.211379e+01 7.637127e+00 4.660709e+00 2.047592e+00 0.000000e+00 0.000000e+00 0.000000e+00 0.000000e+00 0.000000e+00 0.000000e+00 0.000000e+00 0.000000e+00 0.000000e+00 0.000000e+00 0.000000e+00
1.500000e+02 2.680061e+04 5.592966e+02 5.250410e+02 4.048457e+02 3.071587e+02 2.354409e+02 1.772006e+02 1.288887e+02 8.049728e+02 6.306987e+02 5.704236e+02 5.123468e+02 4.069762e+02 3.181153e+02 2.400151e+02 2.170804e+04 2.315661e+03 2.028627e+03 1.546091e+03 1.102448e+03 1.469498e+01 5.454955e+01 7.672021e+00 4.660722e+00 2.048093e+00 0.000000e+00 0.000000e+00 0.000000e+00 0.000000e+00 0.000000e+00 0.000000e+00 0.000000e+00 0.000000e+00 0.000000e+00 0.000000e+00 0.000000e+00
1.550000e+02 2.758535e+04 5.675718e+02 5.282791e+02 4.071401e+02 3.085410e+02 2.363604e+02 1.775807e+02 1.291656e+02 7.993462e+02 6.378843e+02 5.751043e+02 5.156126e+02 4.089142e+02 3.197657e+02 2.404912e+02 2.490610e+04 2.342768e+03 2.042130e+03 1.550987e+03 1.104841e+03 1.472736e+01 5.226009e+01 6.946412e+00 4.198680e+00 1.845354e+00 0.000000e+00 0.000000e+00 0.000000e+00 0.000000e+00 0.000000e+00 0.000000e+00 0.000000e+00 0.000000e+00 0.000000e+00 0.000000e+00 0.000000e+00
1.600000e+02 2.839265e+04 5.759638e+02 5.315407e+02 4.094509e+02 3.099316e+02 2.372849e+02 1.779619e+02 1.294434e+02 7.921226e+02 6.451275e+02 5.798194e+02 5.188962e+02 4.108596e+02 3.214228e+02 2.409680e+02 2.855376e+04 2.370051e+03 2.055662e+03 1.555886e+03 1.107235e+03 1.472817e+01 5.468860e+01 6.978983e+00 4.199035e+00 1.845966e+00 0.000000e+00 0.000000e+00 0.000000e+00 0.000000e+00 0.000000e+00 0.000000e+00 0.000000e+00 0.000000e+00 0.000000e+00 0.000000e+00 0.000000e+00
1.650000e+02 2.922305e+04 5.844730e+02 5.348261e+02 4.117783e+02 3.113306e+02 2.382146e+02 1.783444e+02 1.297214e+02 7.831630e+02 6.524222e+02 5.845685e+02 5.221969e+02 4.128122e+02 3.230863e+02 2.414455e+02 3.270742e+04 2.397511e+03 2.069212e+03 1.560786e+03 1.109629e+03 7.059612e+00 1.473009e+01 5.562092e+01 6.989539e+00 4.200314e+00 0.000000e+00 0.000000e+00 0.000000e+00 0.000000e+00 0.000000e+00 0.000000e+00 0.000000e+00 0.000000e+00 0.000000e+00 0.000000e+00 0.000000e+00
1.700000e+02 3.007705e+04 5.931002e+02 5.381352e+02 4.141223e+02 3.127381e+02 2.391493e+02 1.787281e+02 1.299994e+02 7.723180e+02 6.597626e+02 5.893511e+02 5.255144e+02 4.147717e+02 3.247558e+02 2.419237e+02 4.275000e-19 3.697022e+04 2.225448e+03 1.879667e+03 1.412747e+03 1.876965e+01 1.470729e+01 5.588989e+01 6.990773e+00 4.202122e+00 0.000000e+00 0.000000e+00 0.000000e+00 0.000000e+00 0.000000e+00 0.000000e+00 0.000000e+00 0.000000e+00 0.000000e+00 0.000000e+00 0.000000e+00
1.750000e+02 3.095593e+04 6.018511e+02 5.414697e+02 4.164842e+02 3.141547e+02 2.400896e+02 1.791131e+02 1.302783e+02 7.601203e+02 6.671701e+02 5.941692e+02 5.288501e+02 4.167390e+02 3.264322e+02 2.424025e+02 3.469991e+02 3.739419e+04 2.239970e+03 1.885552e+03 1.415788e+03 3.037226e+01 1.465376e+01 5.614588e+01 6.991057e+00 4.203300e+00 0.000000e+00 0.000000e+00 0.000000e+00 0.000000e+00 0.000000e+00 0.000000e+00 0.000000e+00 0.000000e+00 0.000000e+00 0.000000e+00 0.000000e+00
1.800000e+02 3.186102e+04 6.107316e+02 5.448308e+02 4.188654e+02 3.155814e+02 2.410361e+02 1.794996e+02 1.305584e+02 7.471382e+02 6.746662e+02 5.990251e+02 5.322058e+02 4.187149e+02 3.281166e+02 2.428823e+02 7.236539e+02 3.782212e+04 2.254559e+03 1.891450e+03 1.418834e+03 4.184494e+01 1.458056e+01 5.639918e+01 6.991122e+00 4.204330e+00 0.000000e+00 0.000000e+00 0.000000e+00 0.000000e+00 0.000000e+00 0.000000e+00 0.000000e+00 0.000000e+00 0.000000e+00 0.000000e+00 0.000000e+00
1.850000e+02 3.279310e+04 6.197439e+02 5.482186e+02 4.212657e+02 3.170179e+02 2.419887e+02 1.798875e+02 1.308396e+02 7.334038e+02 6.822508e+02 6.039189e+02 5.355813e+02 4.206994e+02 3.298088e+02 2.433629e+02 1.131241e+03 3.825397e+04 2.269214e+03 1.897359e+03 1.421883e+03 5.315734e+01 1.448772e+01 5.665553e+01 6.991410e+00 4.205495e+00 0.000000e+00 0.000000e+00 0.000000e+00 0.000000e+00 0.000000e+00 0.000000e+00 0.000000e+00 0.000000e+00 0.000000e+00 0.000000e+00 0.000000e+00
1.900000e+02 3.375299e+04 6.288901e+02 5.516331e+02 4.236853e+02 3.184643e+02 2.429473e+02 1.802769e+02 1.311218e+02 7.189558e+02 6.899240e+02 6.088508e+02 5.389768e+02 4.226924e+02 3.315089e+02 2.438443e+02 1.570949e+03 3.868971e+04 2.283933e+03 1.903280e+03 1.424936e+03 6.427932e+01 1.437535e+01 5.691513e+01 6.991931e+00 4.206802e+00 0.000000e+00 0.000000e+00 0.000000e+00 0.000000e+00 0.000000e+00 0.000000e+00 0.000000e+00 0.000000e+00 0.000000e+00 0.000000e+00 0.000000e+00
1.950000e+02 3.474292e+04 6.381721e+02 5.549402e+02 4.261239e+02 3.199206e+02 2.439120e+02 1.806676e+02 1.314051e+02 7.036304e+02 6.974843e+02 6.138209e+02 5.423922e+02 4.246941e+02 3.332168e+02 2.443266e+02 2.043271e+03 3.912929e+04 2.298715e+03 1.909212e+03 1.427993e+03 6.812263e+01 1.423950e+01 5.716155e+01 6.990669e+00 4.207038e+00 0.000000e+00 0.000000e+00 0.000000e+00 0.000000e+00 0.000000e+00 0.000000e+00 0.000000e+00 0.000000e+00 0.000000e+00 0.000000e+00 0.000000e+00
2.000000e+02 3.576562e+04 6.475922e+02 5.579903e+02 4.285816e+02 3.213865e+02 2.448826e+02 1.810598e+02 1.316894e+02 6.872539e+02 7.047012e+02 6.188294e+02 5.458276e+02 4.267043e+02 3.349324e+02 2.448097e+02 2.548076e+03 3.957267e+04 2.313557e+03 1.915154e+03 1.431053e+03 6.711658e+01 1.407583e+01 5.737639e+01 6.985404e+00 4.204865e+00 0.000000e+00 0.000000e+00 0.000000e+00 0.000000e+00 0.000000e+00 0.000000e+00 0.000000e+00 0.000000e+00 0.000000e+00 0.000000e+00 0.000000e+00
2.050000e+02 3.681862e+04 6.571511e+02 5.610929e+02 4.310576e+02 3.228617e+02 2.458588e+02 1.814532e+02 1.319747e+02 6.701811e+02 7.120321e+02 6.238765e+02 5.492829e+02 4.287230e+02 3.366559e+02 2.452936e+02 2.741450e+03 4.001979e+04 2.328457e+03 1.921105e+03 1.434116e+03 6.601610e+01 1.389079e+01 5.759741e+01 6.980769e+00 4.203073e+00 0.000000e+00 0.000000e+00 0.000000e+00 0.000000e+00 0.000000e+00 0.000000e+00 0.000000e+00 0.000000e+00 0.000000e+00 0.000000e+00 0.000000e+00
2.100000e+02 3.790259e+04 6.668495e+02 5.642301e+02 4.335511e+02 3.243457e+02 2.468403e+02 1.818478e+02 1.322609e+02 6.522539e+02 7.194464e+02 6.289622e+02 5.527582e+02 4.307502e+02 3.383870e+02 2.457783e+02 2.942580e+03 4.047060e+04 2.343414e+03 1.927066e+03 1.437182e+03 6.480371e+01 1.368042e+01 5.782213e+01 6.976459e+00 4.201476e+00 0.000000e+00 0.000000e+00 0.000000e+00 0.000000e+00 0.000000e+00 0.000000e+00 0.000000e+00 0.000000e+00 0.000000e+00 0.000000e+00 0.000000e+00
2.150000e+02 3.901843e+04 6.766894e+02 5.674018e+02 4.360621e+02 3.258383e+02 2.478269e+02 1.822436e+02 1.325480e+02 6.335161e+02 7.269436e+02 6.340868e+02 5.562534e+02 4.327859e+02 3.401259e+02 2.462639e+02 3.150763e+03 4.092506e+04 2.358425e+03 1.933036e+03 1.440252e+03 6.348125e+01 1.344488e+01 5.805051e+01 6.972465e+00 4.200070e+00 0.000000e+00 0.000000e+00 0.000000e+00 0.000000e+00 0.000000e+00 0.000000e+00 0.000000e+00 0.000000e+00 0.000000e+00 0.000000e+00 0.000000e+00
2.200000e+02 4.016705e+04 6.866727e+02 5.706077e+02 4.385907e+02 3.273397e+02 2.488188e+02 1.826406e+02 1.328359e+02 6.140189e+02 7.345225e+02 6.392503e+02 5.597686e+02 4.348300e+02 3.418725e+02 2.467503e+02 3.365114e+03 4.138311e+04 2.373488e+03 1.939015e+03 1.443324e+03 6.205123e+01 1.318447e+01 5.828252e+01 6.968779e+00 4.198850e+00 0.000000e+00 0.000000e+00 0.000000e+00 0.000000e+00 0.000000e+00 0.000000e+00 0.000000e+00 0.000000e+00 0.000000e+00 0.000000e+00 0.000000e+00
2.250000e+02 4.134942e+04 6.968016e+02 5.738473e+02 4.411370e+02 3.288499e+02 2.498160e+02 1.830388e+02 1.331247e+02 5.938117e+02 7.421823e+02 6.444529e+02 5.633038e+02 4.368826e+02 3.436267e+02 2.472375e+02 3.584551e+03 4.184470e+04 2.388602e+03 1.945002e+03 1.446398e+03 6.051680e+01 1.289962e+01 5.851813e+01 6.965390e+00 4.197810e+00 0.000000e+00 0.000000e+00 0.000000e+00 0.000000e+00 0.000000e+00 0.000000e+00 0.000000e+00 0.000000e+00 0.000000e+00 0.000000e+00 0.000000e+00
2.300000e+02 4.256651e+04 7.070779e+02 5.771202e+02 4.437009e+02 3.303688e+02 2.508183e+02 1.834381e+02 1.334144e+02 5.729519e+02 7.499214e+02 6.496948e+02 5.668590e+02 4.389435e+02 3.453885e+02 2.477255e+02 3.807781e+03 4.230976e+04 2.403763e+03 1.950996e+03 1.449475e+03 5.888172e+01 1.259095e+01 5.875732e+01 6.962288e+00 4.196944e+00 0.000000e+00 0.000000e+00 0.000000e+00 0.000000e+00 0.000000e+00 0.000000e+00 0.000000e+00 0.000000e+00 0.000000e+00 0.000000e+00 0.000000e+00
2.350000e+02 4.382098e+04 7.175038e+02 5.804260e+02 4.461332e+02 3.318964e+02 2.518259e+02 1.838386e+02 1.337050e+02 5.513723e+02 7.575633e+02 6.549760e+02 5.704341e+02 4.410128e+02 3.471579e+02 2.482142e+02 4.032347e+03 4.277822e+04 2.418971e+03 1.956997e+03 1.452554e+03 5.713708e+01 1.225633e+01 5.898642e+01 6.957857e+00 4.195278e+00 0.000000e+00 0.000000e+00 0.000000e+00 0.000000e+00 0.000000e+00 0.000000e+00 0.000000e+00 0.000000e+00 0.000000e+00 0.000000e+00 0.000000e+00
2.400000e+02 4.511395e+04 7.280812e+02 5.837641e+02 4.484382e+02 3.334328e+02 2.528386e+02 1.842403e+02 1.339964e+02 5.291543e+02 7.651075e+02 6.602968e+02 5.740291e+02 4.430905e+02 3.489347e+02 2.487038e+02 4.256344e+03 4.325000e+04 2.434221e+03 1.963004e+03 1.455635e+03 5.528926e+01 1.189691e+01 5.920573e+01 6.952147e+00 4.192841e+00 0.000000e+00 0.000000e+00 0.000000e+00 0.000000e+00 0.000000e+00 0.000000e+00 0.000000e+00 0.000000e+00 0.000000e+00 0.000000e+00 0.000000e+00
2.450000e+02 4.644484e+04 7.388122e+02 5.871338e+02 4.507662e+02 3.349778e+02 2.538565e+02 1.846431e+02 1.342886e+02 5.065006e+02 7.727267e+02 6.656571e+02 5.776439e+02 4.451764e+02 3.507191e+02 2.491941e+02 4.478668e+03 4.372501e+04 2.449511e+03 1.969017e+03 1.458718e+03 5.335770e+01 1.151670e+01 5.942889e+01 6.946766e+00 4.190603e+00 0.000000e+00 0.000000e+00 0.000000e+00 0.000000e+00 0.000000e+00 0.000000e+00 0.000000e+00 0.000000e+00 0.000000e+00 0.000000e+00 0.000000e+00
2.500000e+02 4.781493e+04 7.496988e+02 5.905345e+02 4.531167e+02 3.365316e+02 2.548796e+02 1.850471e+02 1.345818e+02 4.836444e+02 7.683982e+02 6.710570e+02 5.812786e+02 4.472705e+02 3.525108e+02 2.496852e+02 4.698646e+03 4.420315e+04 2.464838e+03 1.975034e+03 1.461802e+03 5.136582e+01 1.112061e+01 5.965578e+01 6.941696e+00 4.188554e+00 0.000000e+00 0.000000e+00 0.000000e+00 0.000000e+00 0.000000e+00 0.000000e+00 0.000000e+00 0.000000e+00 0.000000e+00 0.000000e+00 0.000000e+00
2.550000e+02 4.922602e+04 7.607427e+02 5.939640e+02 4.554876e+02 3.380941e+02 2.559078e+02 1.854521e+02 1.348757e+02 4.610930e+02 7.168122e+02 6.764967e+02 5.849330e+02 4.493728e+02 3.543099e+02 2.501771e+02 4.918895e+03 4.468434e+04 2.480200e+03 1.981056e+03 1.464887e+03 4.936722e+01 1.072025e+01 5.988590e+01 6.936873e+00 4.186655e+00 0.000000e+00 0.000000e+00 0.000000e+00 0.000000e+00 0.000000e+00 0.000000e+00 0.000000e+00 0.000000e+00 0.000000e+00 0.000000e+00 0.000000e+00
2.600000e+02 5.067834e+04 7.719457e+02 5.974207e+02 4.578775e+02 3.396652e+02 2.569411e+02 1.858583e+02 1.351705e+02 4.382450e+02 6.666219e+02 6.819762e+02 5.886072e+02 4.514832e+02 3.561162e+02 2.506697e+02 5.130643e+03 4.516848e+04 2.495593e+03 1.987082e+03 1.467973e+03 4.729740e+01 1.030149e+01 6.011896e+01 6.932257e+00 4.184881e+00 0.000000e+00 0.000000e+00 0.000000e+00 0.000000e+00 0.000000e+00 0.000000e+00 0.000000e+00 0.000000e+00 0.000000e+00 0.000000e+00 0.000000e+00
2.650000e+02 5.217387e+04 7.833099e+02 6.009042e+02 4.602860e+02 3.411796e+02 2.579795e+02 1.862656e+02 1.354660e+02 4.151377e+02 6.178612e+02 6.874955e+02 5.923009e+02 4.536017e+02 3.579298e+02 2.511630e+02 5.330361e+03 4.565545e+04 2.511014e+03 1.993111e+03 1.471060e+03 4.515970e+01 9.864947e+00 6.034897e+01 6.927153e+00 4.182816e+00 0.000000e+00 0.000000e+00 0.000000e+00 0.000000e+00 0.000000e+00 0.000000e+00 0.000000e+00 0.000000e+00 0.000000e+00 0.000000e+00 0.000000e+00
2.700000e+02 5.370334e+04 7.948394e+02 6.044240e+02 4.627216e+02 3.426104e+02 2.590231e+02 1.866741e+02 1.357625e+02 3.856096e+02 5.615292e+02 6.930545e+02 5.960140e+02 4.557280e+02 3.597504e+02 2.516570e+02 6.028676e+03 4.614500e+04 2.526455e+03 1.999141e+03 1.474146e+03 4.227766e+01 9.262294e+00 6.057558e+01 6.921527e+00 4.180436e+00 0.000000e+00 0.000000e+00 0.000000e+00 0.000000e+00 0.000000e+00 0.000000e+00 0.000000e+00 0.000000e+00 0.000000e+00 0.000000e+00 0.000000e+00
2.750000e+02 5.527612e+04 8.065397e+02 6.079920e+02 4.651953e+02 3.440624e+02 2.600723e+02 1.870838e+02 1.360598e+02 3.562808e+02 5.076112e+02 6.986527e+02 5.997461e+02 4.578620e+02 3.615777e+02 2.521518e+02 6.814041e+03 4.663680e+04 2.541909e+03 2.005170e+03 1.477232e+03 3.936603e+01 8.649164e+00 6.081127e+01 6.916784e+00 4.178592e+00 0.000000e+00 0.000000e+00 0.000000e+00 0.000000e+00 0.000000e+00 0.000000e+00 0.000000e+00 0.000000e+00 0.000000e+00 0.000000e+00 0.000000e+00
2.800000e+02 5.689328e+04 8.184141e+02 6.116082e+02 4.677069e+02 3.455354e+02 2.611271e+02 1.874947e+02 1.363581e+02 3.272962e+02 4.562278e+02 7.042898e+02 6.034968e+02 4.600034e+02 3.634116e+02 2.526472e+02 7.696251e+03 4.713058e+04 2.557366e+03 2.011196e+03 1.480316e+03 3.644142e+01 8.029223e+00 6.105624e+01 6.912922e+00 4.177285e+00 0.000000e+00 0.000000e+00 0.000000e+00 0.000000e+00 0.000000e+00 0.000000e+00 0.000000e+00 0.000000e+00 0.000000e+00 0.000000e+00 0.000000e+00
2.850000e+02 5.855585e+04 8.304662e+02 6.152719e+02 4.702561e+02 3.470292e+02 2.621875e+02 1.879068e+02 1.366573e+02 2.988030e+02 4.074876e+02 7.099656e+02 6.072658e+02 4.621521e+02 3.652517e+02 2.531432e+02 8.685920e+03 4.762602e+04 2.572818e+03 2.017218e+03 1.483398e+03 3.352120e+01 7.406329e+00 6.131055e+01 6.909926e+00 4.176506e+00 0.000000e+00 0.000000e+00 0.000000e+00 0.000000e+00 0.000000e+00 0.000000e+00 0.000000e+00 0.000000e+00 0.000000e+00 0.000000e+00 0.000000e+00
2.900000e+02 6.026486e+04 8.426996e+02 6.189824e+02 4.728422e+02 3.485434e+02 2.632536e+02 1.883202e+02 1.369573e+02 2.709492e+02 3.614851e+02 7.156794e+02 6.110526e+02 4.643077e+02 3.670979e+02 2.536398e+02 9.794473e+03 4.812276e+04 2.588256e+03 2.023233e+03 1.486477e+03 3.062340e+01 6.784509e+00 6.157423e+01 6.907773e+00 4.176243e+00 0.000000e+00 0.000000e+00 0.000000e+00 0.000000e+00 0.000000e+00 0.000000e+00 0.000000e+00 0.000000e+00 0.000000e+00 0.000000e+00 0.000000e+00
2.950000e+02 6.202159e+04 8.551181e+02 6.227388e+02 4.754644e+02 3.500773e+02 2.643125e+02 1.887347e+02 1.372583e+02 2.438763e+02 3.182945e+02 7.214308e+02 6.148567e+02 4.664700e+02 3.689498e+02 2.541369e+02 1.103390e+04 4.862038e+04 2.603668e+03 2.029239e+03 1.489551e+03 2.776596e+01 6.167852e+00 6.184615e+01 6.906311e+00 4.176406e+00 0.000000e+00 0.000000e+00 0.000000e+00 0.000000e+00 0.000000e+00 0.000000e+00 0.000000e+00 0.000000e+00 0.000000e+00 0.000000e+00 0.000000e+00
3.000000e+02 6.382781e+04 8.676457e+02 6.265401e+02 4.781218e+02 3.516303e+02 2.653295e+02 1.891505e+02 1.375602e+02 2.176899e+02 2.779316e+02 7.272189e+02 6.186775e+02 4.686385e+02 3.708069e+02 2.546346e+02 1.241977e+04 4.911842e+04 2.619043e+03 2.035232e+03 1.492621e+03 2.496327e+01 5.559701e+00 6.212322e+01 6.905169e+00 4.176772e+00 0.000000e+00 0.000000e+00 0.000000e+00 0.000000e+00 0.000000e+00 0.000000e+00 0.000000e+00 0.000000e+00 0.000000e+00 0.000000e+00 0.000000e+00
3.050000e+02 6.568341e+04 8.802226e+02 6.293543e+02 4.808134e+02 3.532019e+02 2.663583e+02 1.895676e+02 1.378630e+02 1.921067e+02 2.399183e+02 7.330428e+02 6.225140e+02 4.708129e+02 3.726688e+02 2.551327e+02 1.397299e+04 4.961630e+04 2.634364e+03 2.041210e+03 1.495683e+03 2.218512e+01 4.953497e+00 6.227215e+01 6.889573e+00 4.168403e+00 0.000000e+00 0.000000e+00 0.000000e+00 0.000000e+00 0.000000e+00 0.000000e+00 0.000000e+00 0.000000e+00 0.000000e+00 0.000000e+00 0.000000e+00
3.100000e+02 6.758925e+04 8.929589e+02 6.314262e+02 4.833945e+02 3.547913e+02 2.673985e+02 1.899858e+02 1.381668e+02 1.675217e+02 2.046410e+02 7.389014e+02 6.263655e+02 4.729927e+02 3.745349e+02 2.556312e+02 1.570296e+04 5.011340e+04 2.649615e+03 2.047167e+03 1.498738e+03 1.947944e+01 4.360072e+00 6.231211e+01 6.861811e+00 4.152681e+00 0.000000e+00 0.000000e+00 0.000000e+00 0.000000e+00 0.000000e+00 0.000000e+00 0.000000e+00 0.000000e+00 0.000000e+00 0.000000e+00 0.000000e+00
3.150000e+02 6.954610e+04 9.058534e+02 6.334158e+02 4.846678e+02 3.563979e+02 2.684495e+02 1.904053e+02 1.384714e+02 1.441222e+02 1.721990e+02 7.447932e+02 6.302307e+02 4.751771e+02 3.764047e+02 2.561300e+02 1.762524e+04 5.060897e+04 2.664776e+03 2.053101e+03 1.501783e+03 1.687114e+01 3.785234e+00 6.221664e+01 6.819129e+00 4.127933e+00 0.000000e+00 0.000000e+00 0.000000e+00 0.000000e+00 0.000000e+00 0.000000e+00 0.000000e+00 0.000000e+00 0.000000e+00 0.000000e+00 0.000000e+00
3.200000e+02 7.155508e+04 9.189040e+02 6.353212e+02 4.858886e+02 3.571943e+02 2.695109e+02 1.908169e+02 1.387769e+02 1.222442e+02 1.428501e+02 7.507165e+02 6.341083e+02 4.773656e+02 3.782771e+02 2.566291e+02 1.975199e+04 5.110216e+04 2.679826e+03 2.059004e+03 1.504815e+03 1.440332e+01 3.238935e+00 6.202947e+01 6.766483e+00 4.097155e+00 0.000000e+00 0.000000e+00 0.000000e+00 0.000000e+00 0.000000e+00 0.000000e+00 0.000000e+00 0.000000e+00 0.000000e+00 0.000000e+00 0.000000e+00
3.250000e+02 7.361621e+04 9.321081e+02 6.371421e+02 4.870578e+02 3.578713e+02 2.703259e+02 1.912308e+02 1.390834e+02 1.021308e+02 1.167166e+02 7.566690e+02 6.379966e+02 4.795571e+02 3.801514e+02 2.571282e+02 2.209516e+04 5.159196e+04 2.694738e+03 2.064871e+03 1.507833e+03 1.210914e+01 2.728982e+00 6.179501e+01 6.708807e+00 4.063335e+00 0.000000e+00 0.000000e+00 0.000000e+00 0.000000e+00 0.000000e+00 0.000000e+00 0.000000e+00 0.000000e+00 0.000000e+00 0.000000e+00 0.000000e+00
3.300000e+02 7.572978e+04 9.454615e+02 6.388801e+02 4.881772e+02 3.585195e+02 2.707466e+02 1.915307e+02 1.393907e+02 8.384913e+01 9.370585e+01 7.626481e+02 6.418935e+02 4.817506e+02 3.820263e+02 2.576273e+02 2.466621e+04 5.207720e+04 2.709480e+03 2.070694e+03 1.510833e+03 1.000155e+01 2.258686e+00 6.149334e+01 6.643988e+00 4.025192e+00 0.000000e+00 0.000000e+00 0.000000e+00 0.000000e+00 0.000000e+00 0.000000e+00 0.000000e+00 0.000000e+00 0.000000e+00 0.000000e+00 0.000000e+00
3.350000e+02 7.789570e+04 9.589589e+02 6.405381e+02 4.892496e+02 3.591404e+02 2.711498e+02 1.917083e+02 1.396980e+02 6.751961e+01 7.378281e+01 7.686503e+02 6.457966e+02 4.839448e+02 3.839005e+02 2.581262e+02 2.747220e+04 5.255654e+04 2.724018e+03 2.076464e+03 1.513812e+03 8.100037e+00 1.832833e+00 6.115889e+01 6.575796e+00 3.985009e+00 0.000000e+00 0.000000e+00 0.000000e+00 0.000000e+00 0.000000e+00 0.000000e+00 0.000000e+00 0.000000e+00 0.000000e+00 0.000000e+00 0.000000e+00
3.400000e+02 8.011388e+04 9.725930e+02 6.421209e+02 4.902786e+02 3.597363e+02 2.715370e+02 1.918773e+02 1.398732e+02 5.316650e+01 5.680434e+01 7.746715e+02 6.497026e+02 4.861379e+02 3.857721e+02 2.586248e+02 3.051649e+04 5.302838e+04 2.738309e+03 2.082169e+03 1.516765e+03 6.412723e+00 1.453672e+00 6.079336e+01 6.504418e+00 3.942902e+00 0.000000e+00 0.000000e+00 0.000000e+00 0.000000e+00 0.000000e+00 0.000000e+00 0.000000e+00 0.000000e+00 0.000000e+00 0.000000e+00 0.000000e+00
3.450000e+02 8.238334e+04 9.863538e+02 6.436347e+02 4.912683e+02 3.603096e+02 2.719097e+02 1.920384e+02 1.399875e+02 4.078998e+01 4.260607e+01 7.807062e+02 6.536078e+02 4.883281e+02 3.876390e+02 2.591226e+02 3.379656e+04 5.349088e+04 2.752304e+03 2.087797e+03 1.519686e+03 4.944752e+00 1.122769e+00 6.040911e+01 6.431169e+00 3.899671e+00 0.000000e+00 0.000000e+00 0.000000e+00 0.000000e+00 0.000000e+00 0.000000e+00 0.000000e+00 0.000000e+00 0.000000e+00 0.000000e+00 0.000000e+00
3.500000e+02 8.470233e+04 1.000228e+03 6.450871e+02 4.922236e+02 3.608630e+02 2.722697e+02 1.921925e+02 1.400970e+02 3.034926e+01 3.098785e+01 7.867476e+02 6.575073e+02 4.905126e+02 3.894985e+02 2.596195e+02 3.730197e+04 5.394189e+04 2.765946e+03 2.093331e+03 1.522569e+03 3.696082e+00 8.404968e-01 6.001655e+01 6.357128e+00 3.855972e+00 0.000000e+00 0.000000e+00 0.000000e+00 0.000000e+00 0.000000e+00 0.000000e+00 0.000000e+00 0.000000e+00 0.000000e+00 0.000000e+00 0.000000e+00
3.550000e+02 8.706831e+04 1.014198e+03 6.464864e+02 4.931495e+02 3.613996e+02 2.726190e+02 1.923405e+02 1.402023e+02 2.176388e+01 2.171952e+01 7.927872e+02 6.613947e+02 4.926882e+02 3.913472e+02 2.601151e+02 4.101187e+04 5.437892e+04 2.779167e+03 2.098752e+03 1.525407e+03 2.661465e+00 6.060135e-01 5.961901e+01 6.282595e+00 3.811992e+00 0.000000e+00 0.000000e+00 0.000000e+00 0.000000e+00 0.000000e+00 0.000000e+00 0.000000e+00 0.000000e+00 0.000000e+00 0.000000e+00 0.000000e+00
3.600000e+02 8.947745e+04 1.028241e+03 6.478415e+02 4.940512e+02 3.619223e+02 2.729594e+02 1.924834e+02 1.403042e+02 1.492112e+01 1.455207e+01 7.988137e+02 6.652623e+02 4.948508e+02 3.931808e+02 2.606087e+02 4.489235e+04 5.479911e+04 2.791889e+03 2.104037e+03 1.528187e+03 1.831190e+00 4.174188e-01 5.921984e+01 6.207866e+00 3.767913e+00 0.000000e+00 0.000000e+00 0.000000e+00 0.000000e+00 0.000000e+00 0.000000e+00 0.000000e+00 0.000000e+00 0.000000e+00 0.000000e+00 0.000000e+00
3.645000e+02 9.192411e+04 1.042323e+03 6.491613e+02 4.949338e+02 3.624339e+02 2.732927e+02 1.926222e+02 1.404033e+02 9.675294e+00 9.219978e+00 8.048125e+02 6.690997e+02 4.969950e+02 3.949938e+02 2.610997e+02 4.889391e+04 5.519917e+04 2.804020e+03 2.109154e+03 1.530899e+03 1.190866e+00 2.716943e-01 5.882234e+01 6.133216e+00 3.723906e+00 0.000000e+00 0.000000e+00 0.000000e+00 0.000000e+00 0.000000e+00 0.000000e+00 0.000000e+00 0.000000e+00 0.000000e+00 0.000000e+00 0.000000e+00
