Time WAE YPH GZS RDG DRE CHI DIA GRN CAL ROT PB BB DL DR DC DIN RelWAE RelYPH RelGZS RelRDG RelDRE RelCHI RelDIA RelGRN RelCAL RelROT RelPB RelBB RelDL RelDR RelDC RelDIN PelDemRatio PiscivPlankRatio DivCount InfEpiRatio BSSslope HabitCover
0.000000e+00 1940.377312 2280.519779 6049.565841 34.283263 5390.355749 119.491329 48600.000014 38999.999993 348979.651596 33503.714515 342.000000 0.000000 342.000000 0.000000 353.400000 119700.000000 1.000000 1.000000 1.000000 1.000000 1.000000 1.000000 1.000000 1.000000 1.000000 1.000000 1.000000 1.000000 1.000000 1.000000 1.000000 1.000000 0.000000 0.000000 0.000000 0.000000 571.461086 0.000000
5.000000e+00 1958.002197 2302.546035 6137.740380 35.191213 5372.066946 118.588702 45.419480 36.865125 419118.985089 40700.644779 14.883624 0.586696 680.387913 176.019558 2.164992 139376.926121 1.009083 1.009658 1.014575 1.026484 0.996607 0.992446 0.000935 0.000945 1.200984 1.214810 0.043519 1.000000 1.989438 1.000000 0.006126 1.164385 98.623697 0.479958 12.000000 0.000000 576.472946 0.000000
1.000000e+01 1976.024795 2325.011720 6230.303767 36.094351 5353.935571 117.677209 8.550000 8.550000 419287.245100 40743.882300 8.550000 1.200909 707.874952 204.926891 0.000000 141603.235999 1.018371 1.019510 1.029876 1.052827 0.993243 0.984818 0.000176 0.000219 1.201466 1.216100 0.025000 1.000000 2.069810 1.000000 0.000000 1.182984 97.379451 0.482565 12.000000 0.000000 581.605487 0.000000
1.500000e+01 1994.447712 2347.915855 6331.479476 37.035083 5335.844788 116.735383 8.550000 8.550000 418831.869576 40718.789135 8.550000 2.395840 713.115493 221.213213 0.000000 143313.528266 1.027866 1.029553 1.046601 1.080267 0.989887 0.976936 0.000176 0.000219 1.200161 1.215351 0.025000 1.000000 2.085133 1.000000 0.000000 1.197273 96.187687 0.485681 10.000000 0.000000 586.846775 0.000000
2.000000e+01 2013.278473 2371.275650 6442.515788 38.020348 5317.796375 115.758797 8.550000 8.550000 418343.098177 40690.277658 8.550000 4.648952 715.603737 237.560042 0.000000 145014.559701 1.037571 1.039796 1.064955 1.109006 0.986539 0.968763 0.000176 0.000219 1.198761 1.214500 0.025000 1.000000 2.092409 1.000000 0.000000 1.211483 95.037016 0.489382 10.000000 0.000000 592.196987 0.000000
2.500000e+01 2032.471431 2395.055016 6565.169161 39.049961 5299.789730 114.741888 8.550000 8.550000 417833.270741 40659.754875 8.550000 8.634734 714.660120 254.076161 0.000000 146721.179608 1.047462 1.050223 1.085230 1.139039 0.983199 0.960253 0.000176 0.000219 1.197300 1.213589 0.025000 1.000000 2.089649 1.000000 0.000000 1.225741 93.940350 0.493781 10.000000 0.000000 597.642492 0.000000
3.000000e+01 2051.974613 2419.205800 6701.235772 40.122973 5281.823828 113.678673 8.550000 8.550000 417299.751439 40626.968183 8.550000 14.952682 709.129047 270.824714 0.000000 148435.442951 1.057513 1.060813 1.107722 1.170337 0.979866 0.951355 0.000176 0.000219 1.195771 1.212611 0.025000 1.000000 2.073477 1.000000 0.000000 1.240062 92.917942 0.499016 12.000000 0.000000 603.167993 0.000000
3.500000e+01 2071.927325 2443.870863 6852.193999 41.247756 5263.898412 112.562432 8.550000 8.550000 416739.231538 40591.594867 8.550000 23.531292 699.165782 287.771303 0.000000 150159.210835 1.067796 1.071629 1.132675 1.203146 0.976540 0.942013 0.000176 0.000219 1.194165 1.211555 0.025000 1.000000 2.044344 1.000000 0.000000 1.254463 91.960358 0.505129 10.000000 0.000000 608.812745 0.000000
4.000000e+01 2092.388600 2469.055115 7020.219294 42.426262 5246.012522 111.385645 8.550000 8.550000 416147.830672 40553.255543 8.550000 33.288641 686.909629 304.756092 0.000000 151894.424198 1.078341 1.082672 1.160450 1.237521 0.973222 0.932165 0.000176 0.000219 1.192470 1.210411 0.025000 1.000000 2.008508 1.000000 0.000000 1.268959 91.078763 0.512239 10.000000 0.000000 614.593862 0.000000
4.500000e+01 2113.397522 2494.772168 7207.819690 43.660833 5228.165140 110.140220 8.550000 8.550000 415521.094291 40511.514361 8.550000 42.770668 675.220329 321.594453 0.000000 153642.612604 1.089168 1.093949 1.191461 1.273532 0.969911 0.921742 0.000176 0.000219 1.190674 1.209165 0.025000 1.000000 1.974328 1.000000 0.000000 1.283564 90.285580 0.520485 10.000000 0.000000 620.522359 0.000000
5.000000e+01 2134.899866 2521.064246 7418.023230 44.955417 5210.355238 108.817196 8.550000 8.550000 414853.825519 40465.862647 8.550000 51.057818 665.898365 338.203560 0.000000 155405.846163 1.100250 1.105478 1.226208 1.311293 0.966607 0.910670 0.000176 0.000219 1.188762 1.207802 0.025000 1.000000 1.947071 1.000000 0.000000 1.298294 89.590073 0.530039 10.000000 0.000000 626.580794 0.000000
5.500000e+01 2156.906896 2547.949307 7654.377064 46.312907 5192.581597 107.406477 8.550000 8.550000 414139.989829 40415.710012 8.550000 57.930086 659.371472 354.691594 0.000000 157187.242061 1.111591 1.117267 1.265277 1.350890 0.963310 0.898864 0.000176 0.000219 1.186717 1.206305 0.025000 1.000000 1.927987 1.000000 0.000000 1.313177 89.007172 0.541104 10.000000 0.000000 632.771679 0.000000
6.000000e+01 2179.434543 2575.453093 7920.541078 47.736551 5174.842865 105.897398 8.550000 8.550000 413373.050662 40360.416818 8.550000 63.544305 655.332947 371.249354 0.000000 158990.707452 1.123201 1.129327 1.309274 1.392416 0.960019 0.886235 0.000176 0.000219 1.184519 1.204655 0.025000 1.000000 1.916178 1.000000 0.000000 1.328243 88.548903 0.553874 10.000000 0.000000 639.098815 0.000000
6.500000e+01 2202.131688 2602.858470 8222.575944 49.191139 5157.136080 104.277431 8.550000 8.550000 412545.096577 40299.207353 8.550000 68.156293 653.282239 387.962608 0.000000 160820.252143 1.134899 1.141344 1.359201 1.434844 0.956734 0.872678 0.000176 0.000219 1.182147 1.202828 0.025000 1.000000 1.910182 1.000000 0.000000 1.343528 88.293670 0.568796 10.000000 0.000000 645.467491 0.000000
7.000000e+01 2225.139449 2630.481726 8565.231271 50.694268 5139.460281 102.532327 8.550000 8.550000 411646.808421 40231.167491 8.550000 72.001436 652.761092 404.912769 0.000000 162680.998851 1.146756 1.153457 1.415842 1.478689 0.953455 0.858073 0.000176 0.000219 1.179573 1.200797 0.025000 1.000000 1.908658 1.000000 0.000000 1.359073 88.239056 0.586106 10.000000 0.000000 651.914739 0.000000
7.500000e+01 2248.383969 2658.242551 8954.892186 52.243119 5121.813303 100.646476 8.550000 8.550000 410667.526986 40155.250871 8.550000 75.265379 653.410820 422.179936 0.000000 164578.524976 1.158735 1.165630 1.480254 1.523867 0.950181 0.842291 0.000176 0.000219 1.176766 1.198531 0.025000 1.000000 1.910558 1.000000 0.000000 1.374925 88.414626 0.606185 10.000000 0.000000 658.419261 0.000000
8.000000e+01 2271.910911 2686.135025 9398.554961 53.838721 5104.192848 98.602953 8.550000 8.550000 409595.049007 40070.258921 8.550000 78.086984 654.966120 439.845995 0.000000 166519.252328 1.170860 1.177861 1.553592 1.570408 0.946912 0.825189 0.000176 0.000219 1.173693 1.195995 0.025000 1.000000 1.915106 1.000000 0.000000 1.391138 88.832550 0.629368 10.000000 0.000000 664.994438 0.000000
8.500000e+01 2295.891676 2714.446776 9903.591281 55.498163 5086.597051 96.383608 8.550000 8.550000 408415.379308 39974.815986 8.550000 80.568652 657.234624 457.997492 0.000000 168510.640769 1.183219 1.190275 1.637075 1.618812 0.943648 0.806616 0.000176 0.000219 1.170313 1.193146 0.025000 1.000000 1.921739 1.000000 0.000000 1.407775 89.496372 0.656002 10.000000 0.000000 671.686536 0.000000
9.000000e+01 2320.324083 2743.185779 10479.188073 57.223842 5069.023117 93.969219 8.550000 8.550000 407112.488941 39867.345086 8.550000 82.786124 660.077695 476.728482 0.000000 170561.013594 1.195811 1.202877 1.732222 1.669148 0.940387 0.786410 0.000176 0.000219 1.166579 1.189938 0.025000 1.000000 1.930052 1.000000 0.000000 1.424904 90.429206 0.686554 10.000000 0.000000 678.494181 0.000000
9.500000e+01 2235.636875 2772.647123 11135.771945 59.034235 5051.485344 91.340432 8.550000 8.550000 405668.006610 39746.037697 8.550000 84.796039 663.395489 496.140891 0.000000 172679.662108 1.152166 1.215796 1.840756 1.721955 0.937134 0.764411 0.000176 0.000219 1.162440 1.186317 0.025000 1.000000 1.939753 1.000000 0.000000 1.442604 91.018413 0.737320 10.000000 0.000000 652.561560 0.000000
1.000000e+02 2260.781807 2802.745878 11885.278970 60.927214 5033.970642 88.476550 8.550000 8.550000 404060.905650 39608.822916 8.550000 86.641375 667.116895 516.352220 0.000000 174877.490874 1.165125 1.228994 1.964650 1.777171 0.933885 0.740443 0.000176 0.000219 1.157835 1.182222 0.025000 1.000000 1.950634 1.000000 0.000000 1.460965 92.555302 0.778025 10.000000 0.000000 659.532668 0.000000
1.050000e+02 2286.474051 2674.816114 12741.445727 62.900653 5016.470750 85.358269 8.550000 8.550000 402268.561893 39453.469944 8.550000 88.355311 671.191749 537.491682 0.000000 177166.201137 1.178366 1.172898 2.106175 1.834734 0.930638 0.714347 0.000176 0.000219 1.152699 1.177585 0.025000 1.000000 1.962549 1.000000 0.000000 1.480085 93.602011 0.850904 10.000000 0.000000 666.643741 0.000000
1.100000e+02 5266.582858 2532.301381 13720.356581 64.940449 4998.921043 81.898930 8.550000 8.550000 400224.442542 39273.443348 8.550000 89.963934 675.597951 559.833133 0.000000 179579.129190 2.714206 1.110405 2.267990 1.894232 0.927382 0.685396 0.000176 0.000219 1.146842 1.172212 0.025000 1.000000 1.975433 1.000000 0.000000 1.500243 110.219153 0.582827 10.000000 0.000000 1559.490844 0.000000
1.150000e+02 9196.731857 2683.622234 14839.916447 67.089695 4981.555650 77.891202 8.550000 8.550000 397765.519933 39052.773070 8.550000 91.489141 680.388247 584.263159 0.000000 182199.234577 4.739662 1.176759 2.453055 1.956923 0.924161 0.651857 0.000176 0.000219 1.139796 1.165625 0.025000 1.000000 1.989439 1.000000 0.000000 1.522132 132.488860 0.413837 10.000000 0.000000 2737.134205 0.000000
1.200000e+02 13242.539004 2837.988141 16120.208363 69.323729 4964.134665 73.271076 8.550000 8.550000 394817.972493 38784.194949 8.550000 92.950186 685.590728 611.309623 0.000000 185067.668607 6.824724 1.244448 2.664688 2.022087 0.920929 0.613192 0.000176 0.000219 1.131350 1.157609 0.025000 1.000000 2.004651 1.000000 0.000000 1.546096 154.516171 0.332059 10.000000 0.000000 3949.427315 0.000000
1.250000e+02 17407.906587 2993.720270 17584.273890 71.608187 4946.645910 68.084450 8.550000 8.550000 391336.512269 38463.210309 8.550000 94.363629 691.211741 641.265880 0.000000 188208.017935 8.971403 1.312736 2.906700 2.088721 0.917684 0.569786 0.000176 0.000219 1.121373 1.148028 0.025000 1.000000 2.021087 1.000000 0.000000 1.572331 176.448934 0.285420 10.000000 0.000000 5197.550408 0.000000
1.300000e+02 21696.521328 3149.084346 19258.233846 73.925789 4929.076771 62.398320 8.550000 8.550000 387270.066831 38084.739685 8.550000 95.743778 697.262714 674.447735 0.000000 191646.363853 11.181599 1.380863 3.183408 2.156323 0.914425 0.522200 0.000176 0.000219 1.109721 1.136732 0.025000 1.000000 2.038780 1.000000 0.000000 1.601056 198.423476 0.256601 10.000000 0.000000 6482.613975 0.000000
1.350000e+02 26112.055593 3302.236865 21171.572036 76.265314 4911.414149 56.302570 8.550000 8.550000 382561.468915 37643.093892 8.550000 97.103339 703.764481 711.219058 0.000000 195411.813785 13.457205 1.448019 3.499685 2.224564 0.911148 0.471185 0.000176 0.000219 1.096229 1.123550 0.025000 1.000000 2.057791 1.000000 0.000000 1.632513 220.575535 0.238204 10.000000 0.000000 7805.722379 0.000000
1.400000e+02 27601.548417 3452.493833 23357.462660 78.640533 4893.642615 49.984470 8.550000 8.550000 377209.179883 37138.036545 8.550000 98.453875 710.727113 751.792902 0.000000 199506.664075 14.224836 1.513907 3.861015 2.293846 0.907852 0.418310 0.000176 0.000219 1.080892 1.108475 0.025000 1.000000 2.078149 1.000000 0.000000 1.666722 230.037283 0.248837 10.000000 0.000000 8251.571230 0.000000
1.450000e+02 28359.187151 3468.635130 25853.270077 81.093491 4875.777128 43.691476 8.550000 8.550000 371271.888795 36575.211929 8.550000 99.805127 718.102322 795.811915 0.000000 203896.541831 14.615295 1.520984 4.273574 2.365396 0.904537 0.365646 0.000176 0.000219 1.063878 1.091676 0.025000 1.000000 2.099714 1.000000 0.000000 1.703396 236.417566 0.268647 10.000000 0.000000 8477.981508 0.000000
1.500000e+02 29138.484514 3483.548521 28700.865487 83.625373 4857.835903 37.512394 8.550000 8.550000 364678.843861 35947.563224 8.550000 101.165425 725.913148 843.646178 0.000000 208613.350238 15.016917 1.527524 4.744285 2.439248 0.901209 0.313934 0.000176 0.000219 1.044986 1.072943 0.025000 1.000000 2.122553 1.000000 0.000000 1.742802 243.664508 0.290895 10.000000 0.000000 8710.861541 0.000000
1.550000e+02 29939.984184 3497.118564 31946.824491 79.977893 4839.808806 31.539600 8.550000 8.550000 357346.544107 35246.777162 8.550000 102.543161 734.216085 895.873630 0.000000 213698.552703 15.429981 1.533474 5.280846 2.332855 0.897864 0.263949 0.000176 0.000219 1.023975 1.052026 0.025000 1.000000 2.146831 1.000000 0.000000 1.785284 271.560120 0.315823 10.000000 0.000000 8952.250608 0.000000
1.600000e+02 30764.228751 3509.216034 35642.598139 82.440755 4821.681274 25.874617 8.550000 8.550000 349182.711586 34463.654800 8.550000 103.947214 743.081236 953.167779 0.000000 219197.989983 15.854766 1.538779 5.891761 2.404694 0.894501 0.216540 0.000176 0.000219 1.000582 1.028652 0.025000 1.000000 2.172752 1.000000 0.000000 1.831228 281.625656 0.343686 10.000000 0.000000 9198.626838 0.000000
1.650000e+02 31611.736374 3519.694699 39844.553041 88.600474 4803.439964 20.625566 8.550000 8.550000 340088.988199 33588.372094 8.550000 105.387239 752.592764 1016.306387 0.000000 225160.569558 16.291541 1.543374 6.586349 2.584365 0.891117 0.172611 0.000176 0.000219 0.974524 1.002527 0.025000 1.000000 2.200564 1.000000 0.000000 1.881041 280.156884 0.374754 10.000000 0.000000 9450.869158 0.000000
1.700000e+02 32483.026588 3528.397252 42488.085841 100.559725 4785.055571 16.299554 8.550000 8.550000 330785.143027 32699.221634 8.550000 106.873643 762.756872 1085.538842 0.000000 231272.610307 16.740572 1.547190 7.023328 2.933202 0.887707 0.136408 0.000176 0.000219 0.947864 0.975988 0.025000 1.000000 2.230283 1.000000 0.000000 1.932102 259.803694 0.393845 10.000000 0.000000 9708.502933 0.000000
1.750000e+02 33379.374062 3535.883513 43282.500838 112.366260 4766.601914 15.514536 8.550000 8.550000 328180.541420 32540.463168 8.550000 108.380775 769.500317 1119.103237 0.000000 234021.272797 17.202517 1.550473 7.154646 3.277584 0.884283 0.129838 0.000176 0.000219 0.940400 0.971249 0.025000 1.000000 2.250001 1.000000 0.000000 1.955065 237.492534 0.391366 10.000000 0.000000 9973.694845 0.000000
1.800000e+02 34302.119473 3542.748993 44110.616024 124.020142 4748.154745 14.716031 8.550000 8.550000 325387.285101 32362.294483 8.550000 109.846637 774.870782 1146.568348 0.000000 236723.115820 17.678067 1.553483 7.291534 3.617513 0.880861 0.123156 0.000176 0.000219 0.932396 0.965932 0.025000 1.000000 2.265704 1.000000 0.000000 1.977637 219.857233 0.389037 10.000000 0.000000 10246.846820 0.000000
1.850000e+02 35252.058256 3549.025860 44973.668059 135.497488 4729.712743 13.906750 8.550000 8.550000 322464.754938 32171.418353 8.550000 111.268176 780.314223 1174.820040 0.000000 239490.087536 18.167631 1.556236 7.434198 3.952293 0.877440 0.116383 0.000176 0.000219 0.924022 0.960234 0.025000 1.000000 2.281621 1.000000 0.000000 2.000753 205.668520 0.386855 10.000000 0.000000 10528.204496 0.000000
1.900000e+02 36230.013258 3554.752949 45872.807484 146.768531 4711.274269 13.089800 8.550000 8.550000 319410.584699 31967.551400 8.550000 112.653073 785.930234 1204.013157 0.000000 242329.927981 18.671633 1.558747 7.582826 4.281055 0.874019 0.109546 0.000176 0.000219 0.915270 0.954149 0.025000 1.000000 2.298042 1.000000 0.000000 2.024477 194.110577 0.384814 10.000000 0.000000 10818.023493 0.000000
1.950000e+02 37238.062453 3559.565239 46808.481804 150.721384 4692.832383 12.268655 8.550000 8.550000 316219.199838 31750.036247 8.550000 114.008486 791.720836 1234.215982 0.000000 245246.820633 19.191145 1.560857 7.737494 4.396355 0.870598 0.102674 0.000176 0.000219 0.906125 0.947657 0.025000 1.000000 2.314973 1.000000 0.000000 2.048846 193.276430 0.382901 10.000000 0.000000 11119.058998 0.000000
2.000000e+02 38278.805198 3563.058548 47780.508007 149.759062 4674.384457 11.447305 8.550000 8.550000 312885.165480 31518.216930 8.550000 115.340659 797.683789 1265.491137 0.000000 248244.484046 19.727506 1.562389 7.898171 4.368285 0.867176 0.095800 0.000176 0.000219 0.896571 0.940738 0.025000 1.000000 2.332409 1.000000 0.000000 2.073889 198.976380 0.381081 10.000000 0.000000 11431.369877 0.000000
2.050000e+02 39350.071949 3566.045055 48444.915085 148.688150 4655.946514 10.639682 8.550000 8.550000 309435.642858 31274.710784 8.550000 116.655004 803.803983 1297.758394 0.000000 251308.201328 20.279598 1.563698 8.007999 4.337048 0.863755 0.089041 0.000176 0.000219 0.886687 0.933470 0.025000 1.000000 2.350304 1.000000 0.000000 2.099484 204.276215 0.376709 10.000000 0.000000 11752.864635 0.000000
2.100000e+02 40452.514806 3568.336332 49120.841309 147.484199 4637.517027 9.857756 8.550000 8.550000 305899.312451 31022.295717 8.550000 117.955757 810.044022 1330.748642 0.000000 254419.085987 20.847757 1.564703 8.119730 4.301930 0.860336 0.082498 0.000176 0.000219 0.876553 0.925936 0.025000 1.000000 2.368550 1.000000 0.000000 2.125473 209.935861 0.372380 10.000000 0.000000 12083.746107 0.000000
2.150000e+02 41587.035473 3569.975545 49807.534421 146.149176 4619.095354 9.103096 8.550000 8.550000 302274.401445 30760.702725 8.550000 119.246276 816.395211 1364.470967 0.000000 257578.586496 21.432448 1.565422 8.233241 4.262989 0.856918 0.076182 0.000176 0.000219 0.866166 0.918128 0.025000 1.000000 2.387121 1.000000 0.000000 2.151868 215.977257 0.368087 10.000000 0.000000 12424.284038 0.000000
2.200000e+02 42754.559831 3571.013116 50504.054049 144.685845 4600.680820 8.377190 8.550000 8.550000 298559.660110 30489.714378 8.550000 120.529511 822.856648 1398.956232 0.000000 260788.157957 22.034147 1.565877 8.348377 4.220306 0.853502 0.070107 0.000176 0.000219 0.855522 0.910040 0.025000 1.000000 2.406014 1.000000 0.000000 2.178681 222.423286 0.363822 10.000000 0.000000 12774.755188 0.000000
2.250000e+02 43956.038221 3571.497411 51209.256464 143.097752 4582.272739 7.681429 8.550000 8.550000 294754.134237 30209.138105 8.550000 121.808113 829.428678 1434.235659 0.000000 264048.990001 22.653346 1.566089 8.464947 4.173983 0.850087 0.064284 0.000176 0.000219 0.844617 0.901665 0.025000 1.000000 2.425230 1.000000 0.000000 2.205923 229.297753 0.359576 10.000000 0.000000 13135.443413 0.000000
2.300000e+02 45192.445651 3571.484524 51921.780253 141.389225 4563.870399 7.017073 8.550000 8.550000 290857.177449 29918.807379 8.550000 123.084481 836.112270 1470.340215 0.000000 267362.130078 23.290545 1.566084 8.582728 4.124147 0.846673 0.058725 0.000176 0.000219 0.833450 0.893000 0.025000 1.000000 2.444773 1.000000 0.000000 2.233602 236.625362 0.355340 10.000000 0.000000 13506.639729 0.000000
2.350000e+02 46466.308589 3570.730692 52639.091430 139.532967 4545.461923 6.385202 8.550000 8.550000 286868.504881 29618.587349 8.550000 124.360808 842.908862 1507.300212 0.000000 270728.317222 23.947048 1.565753 8.701301 4.070003 0.843258 0.053437 0.000176 0.000219 0.822021 0.884039 0.025000 1.000000 2.464646 1.000000 0.000000 2.261724 244.477601 0.351092 10.000000 0.000000 13889.109774 0.000000
2.400000e+02 47778.745776 3569.316646 53359.203281 137.536892 4527.046405 5.786775 8.550000 8.550000 282788.333509 29308.389501 8.550000 125.639107 849.820134 1545.143815 0.000000 274148.110516 24.623430 1.565133 8.820336 4.011780 0.839842 0.048428 0.000176 0.000219 0.810329 0.874780 0.025000 1.000000 2.484854 1.000000 0.000000 2.290293 252.907867 0.346814 10.000000 0.000000 14283.186582 0.000000
2.450000e+02 49129.314232 3567.617887 54080.919936 135.440669 4508.634160 5.222547 8.550000 8.550000 278617.209614 28988.154700 8.550000 126.921240 856.848153 1583.898930 0.000000 277622.081609 25.319464 1.564388 8.939637 3.950635 0.836426 0.043706 0.000176 0.000219 0.798377 0.865222 0.025000 1.000000 2.505404 1.000000 0.000000 2.319316 261.876387 0.342516 10.000000 0.000000 14688.725452 0.000000
2.500000e+02 50519.316878 3553.844808 54803.471959 133.272462 4490.224536 4.694206 8.550000 8.550000 274364.964847 28658.788076 8.550000 128.208939 863.995363 1623.592901 0.000000 281150.622965 26.035821 1.558349 9.059075 3.887391 0.833011 0.039285 0.000176 0.000219 0.786192 0.855391 0.025000 1.000000 2.526302 1.000000 0.000000 2.348794 271.376410 0.338227 10.000000 0.000000 15106.108564 0.000000
2.550000e+02 51950.540764 3493.194674 55529.382371 131.096900 4471.824740 4.204828 8.550000 8.550000 270058.390624 28322.976148 8.550000 129.503837 871.265516 1664.262833 0.000000 284734.558101 26.773422 1.531754 9.179069 3.823933 0.829597 0.035189 0.000176 0.000219 0.773851 0.845368 0.025000 1.000000 2.547560 1.000000 0.000000 2.378735 281.165661 0.334248 10.000000 0.000000 15535.852314 0.000000
2.600000e+02 53423.218145 3433.719415 56249.772413 128.834995 4453.438375 3.749207 8.550000 8.550000 265662.869057 27976.983339 8.550000 130.807474 878.660550 1705.922558 0.000000 288372.954375 27.532387 1.505674 9.298150 3.757956 0.826186 0.031376 0.000176 0.000219 0.761256 0.835041 0.025000 1.000000 2.569183 1.000000 0.000000 2.409131 291.576432 0.330182 10.000000 0.000000 15978.050015 0.000000
2.650000e+02 54939.265063 3375.489813 56960.990584 126.483582 4435.058232 3.327198 8.550000 8.550000 261180.660729 27620.910518 8.550000 132.121292 886.182839 1748.592144 0.000000 292065.138842 28.313702 1.480141 9.415715 3.689368 0.822777 0.027845 0.000176 0.000219 0.748412 0.824413 0.025000 1.000000 2.591178 1.000000 0.000000 2.439976 302.659327 0.326015 10.000000 0.000000 16433.277058 0.000000
2.700000e+02 56489.390594 3303.342732 58173.417215 123.217503 4416.680319 2.898095 8.550000 8.550000 256165.080408 27207.252139 8.550000 133.446664 893.843974 1792.381682 0.000000 295823.692161 29.112580 1.448504 9.616131 3.594101 0.819367 0.024254 0.000176 0.000219 0.734040 0.812067 0.025000 1.000000 2.613579 1.000000 0.000000 2.471376 317.560322 0.324421 10.000000 0.000000 16898.995345 0.000000
2.750000e+02 58083.126637 3233.882196 59475.151800 119.921842 4398.311525 2.497799 8.550000 8.550000 250916.772217 26767.423399 8.550000 134.785584 901.716701 1837.931473 0.000000 299692.326630 29.933934 1.418046 9.831309 3.497971 0.815959 0.020904 0.000176 0.000219 0.719001 0.798939 0.025000 1.000000 2.636599 1.000000 0.000000 2.503695 334.053394 0.323404 10.000000 0.000000 17377.797255 0.000000
2.800000e+02 59721.522865 3167.372936 60875.705633 116.617084 4379.948095 2.127490 8.550000 8.550000 245417.966815 26299.206866 8.550000 136.140998 909.848040 1885.521749 0.000000 303681.617391 30.778304 1.388882 10.062822 3.401575 0.812553 0.017805 0.000176 0.000219 0.703244 0.784964 0.025000 1.000000 2.660374 1.000000 0.000000 2.537023 351.923106 0.322712 10.000000 0.000000 17869.991346 0.000000
2.850000e+02 61405.623905 3104.068960 62385.369439 113.324513 4361.585899 1.788209 8.550000 8.550000 239648.892065 25800.110553 8.550000 137.516222 918.269983 1935.370801 0.000000 307801.630941 31.646229 1.361123 10.312371 3.305535 0.809146 0.014965 0.000176 0.000219 0.686713 0.770067 0.025000 1.000000 2.685000 1.000000 0.000000 2.571442 371.259303 0.322370 10.000000 0.000000 18375.884424 0.000000
2.900000e+02 63136.462333 3044.211796 64015.193825 110.066156 4343.220406 1.480787 8.550000 8.550000 233588.447286 25267.441321 8.550000 138.914854 927.016344 1987.720543 0.000000 312062.997234 32.538240 1.334876 10.581783 3.210492 0.805739 0.012392 0.000176 0.000219 0.669347 0.754168 0.025000 1.000000 2.710574 1.000000 0.000000 2.607043 392.147037 0.322401 10.000000 0.000000 18895.779458 0.000000
2.950000e+02 64915.297861 2988.014959 65776.735127 106.862683 4324.844426 1.205773 8.550000 8.550000 227214.380514 24698.316627 8.550000 140.340825 936.125630 2042.841370 0.000000 316476.905801 33.454987 1.310234 10.872968 3.117051 0.802330 0.010091 0.000176 0.000219 0.651082 0.737181 0.025000 1.000000 2.737209 1.000000 0.000000 2.643917 414.666007 0.322828 10.000000 0.000000 19430.047924 0.000000
3.000000e+02 66743.790749 2935.597886 67685.078054 103.728127 4306.445847 0.963253 8.550000 8.550000 220500.701483 24089.372977 8.550000 141.798466 945.641949 2101.034506 0.000000 321054.928567 34.397326 1.287249 11.188419 3.025620 0.798917 0.008061 0.000176 0.000219 0.631844 0.719006 0.025000 1.000000 2.765035 1.000000 0.000000 2.682163 438.929462 0.323679 10.000000 0.000000 19979.183370 0.000000
3.050000e+02 68620.793840 2886.196278 69760.548800 100.468747 4288.012330 0.752927 8.550000 8.550000 213420.036237 23437.008098 8.550000 143.292593 955.616529 2162.641957 0.000000 325808.841745 35.364665 1.265587 11.531497 2.930548 0.795497 0.006301 0.000176 0.000219 0.611554 0.699535 0.025000 1.000000 2.794200 1.000000 0.000000 2.721878 465.842482 0.325028 10.000000 0.000000 20542.899958 0.000000
3.100000e+02 70547.373340 2840.588455 72011.883422 97.166120 4269.539461 0.574181 8.550000 8.550000 205950.362983 22738.108442 8.550000 144.828619 966.109310 2228.053226 0.000000 330751.604946 36.357554 1.245588 11.903645 2.834214 0.792070 0.004805 0.000176 0.000219 0.590150 0.678674 0.025000 1.000000 2.824881 1.000000 0.000000 2.763171 495.627517 0.326868 10.000000 0.000000 21121.492885 0.000000
3.150000e+02 72523.760480 2799.056991 74453.872520 93.820080 4251.012443 0.425705 8.550000 8.550000 198066.870751 21989.150046 8.550000 146.412667 977.188917 2297.694379 0.000000 335895.156446 37.376112 1.227377 12.307308 2.736615 0.788633 0.003563 0.000176 0.000219 0.567560 0.656320 0.025000 1.000000 2.857278 1.000000 0.000000 2.806142 528.736251 0.329223 12.000000 0.000000 21715.031526 0.000000
3.200000e+02 74551.490823 2762.190857 77097.791434 90.535362 4232.424722 0.305603 8.550000 8.550000 189746.254276 21186.653926 8.550000 148.051693 988.934480 2372.036884 0.000000 341251.731226 38.421131 1.211211 12.744351 2.640804 0.785185 0.002558 0.000176 0.000219 0.543717 0.632367 0.025000 1.000000 2.891621 1.000000 0.000000 2.850892 564.792464 0.332086 12.000000 0.000000 22323.944855 0.000000
3.250000e+02 76631.031304 2730.349696 79954.560854 87.405268 4213.778703 0.285000 8.550000 8.550000 180967.674131 20327.285850 8.550000 149.753623 1001.435070 2451.596097 0.000000 346832.605645 39.492851 1.197249 13.216578 2.549503 0.781726 0.002385 0.000176 0.000219 0.518562 0.606717 0.025000 1.000000 2.928173 1.000000 0.000000 2.897516 603.561782 0.335457 11.000000 0.000000 22948.344888 0.000000
3.300000e+02 78762.487318 2703.500817 83034.417564 84.422760 4195.062080 0.285000 8.550000 8.550000 171714.511538 19408.037055 8.550000 151.527496 1014.793385 2536.934544 0.000000 352645.710371 40.591326 1.185476 13.725682 2.462507 0.778253 0.002385 0.000176 0.000219 0.492047 0.579280 0.025000 1.000000 2.967232 1.000000 0.000000 2.946079 645.227125 0.339333 10.000000 0.000000 23588.265335 0.000000
3.350000e+02 80946.140864 2681.720765 86343.032759 81.652566 4176.271052 0.285000 8.550000 8.550000 161976.182134 18426.420544 8.550000 153.383669 1029.128332 2628.658967 0.000000 358696.053292 41.716701 1.175925 14.272600 2.381703 0.774767 0.002385 0.000176 0.000219 0.464142 0.549981 0.025000 1.000000 3.009147 1.000000 0.000000 2.996625 689.376734 0.343691 10.000000 0.000000 24243.771334 0.000000
3.400000e+02 83181.894701 2664.879690 89882.112972 79.107078 4157.394659 0.285000 8.550000 8.550000 151750.861069 17380.774431 8.550000 155.334028 1044.575654 2727.411445 0.000000 364983.652805 42.868928 1.168540 14.857614 2.307455 0.771265 0.002385 0.000176 0.000219 0.434842 0.518772 0.025000 1.000000 3.054315 1.000000 0.000000 3.049153 735.746125 0.348495 10.000000 0.000000 24914.830017 0.000000
3.450000e+02 85468.840841 2652.799707 93647.227020 76.807470 4138.426616 0.285000 8.550000 8.550000 141048.662762 16270.624843 8.550000 157.392204 1061.290189 2833.857518 0.000000 371502.282167 44.047537 1.163243 15.479991 2.240378 0.767746 0.002385 0.000176 0.000219 0.404174 0.485636 0.025000 1.000000 3.103188 1.000000 0.000000 3.103611 783.972482 0.353691 11.000000 0.000000 25601.162813 0.000000
3.500000e+02 87805.291339 2645.222602 97625.710201 74.766234 4119.359332 0.285000 8.550000 8.550000 129895.636259 15097.156144 8.550000 159.573825 1079.448620 2948.665844 0.000000 378237.397973 45.251658 1.159921 16.137639 2.180838 0.764209 0.002385 0.000176 0.000219 0.372216 0.450611 0.025000 1.000000 3.156283 1.000000 0.000000 3.159878 833.520228 0.359205 11.000000 0.000000 26302.259922 0.000000
3.550000e+02 90188.708346 2641.815842 101794.117025 72.981076 4100.184287 0.285000 8.550000 8.550000 118338.294412 13863.763703 8.550000 161.896767 1099.251223 3072.473462 0.000000 385163.692746 46.479985 1.158427 16.826681 2.128767 0.760652 0.002385 0.000176 0.000219 0.339098 0.413798 0.025000 1.000000 3.214185 1.000000 0.000000 3.217742 883.883972 0.364934 11.000000 0.000000 27017.361162 0.000000
3.600000e+02 92615.253212 2642.189519 106115.574030 71.444228 4080.893834 0.285000 8.550000 8.550000 106448.824271 12576.713951 8.550000 164.381397 1120.923086 3205.834364 0.000000 392242.513052 47.730538 1.158591 17.541023 2.083939 0.757073 0.002385 0.000176 0.000219 0.305029 0.375383 0.025000 1.000000 3.277553 1.000000 0.000000 3.276880 934.494538 0.370743 11.000000 0.000000 27745.318007 0.000000
3.645000e+02 95079.280346 2645.895940 110537.155177 70.142025 4061.481613 0.285000 8.550000 8.550000 94330.498647 11245.869765 8.550000 167.050767 1144.714626 3349.146080 0.000000 399419.163792 49.000408 1.160216 18.271915 2.045955 0.753472 0.002385 0.000176 0.000219 0.270304 0.335660 0.025000 1.000000 3.347119 1.000000 0.000000 3.336835 984.742051 0.376467 11.000000 0.000000 28484.441966 0.000000
